image file,angle (deg),frequency,tot_energy
trial_image_1.tif,0.0,0.03,11.674645146878753
trial_image_1.tif,0.0,0.1,4.24870347308081
trial_image_1.tif,4.0,0.03,12.73465283522089
trial_image_1.tif,4.0,0.1,4.317078673169261
trial_image_1.tif,8.0,0.03,13.629674731251916
trial_image_1.tif,8.0,0.1,4.324073004974965
trial_image_1.tif,12.0,0.03,14.073876032248256
trial_image_1.tif,12.0,0.1,4.2388247080969705
trial_image_1.tif,16.0,0.03,13.918282273758205
trial_image_1.tif,16.0,0.1,4.0471407887976785
trial_image_1.tif,20.0,0.03,13.171143024819187
trial_image_1.tif,20.0,0.1,3.757054659530817
trial_image_1.tif,24.0,0.03,11.952107154547207
trial_image_1.tif,24.0,0.1,3.3797994088306273
trial_image_1.tif,28.0,0.03,10.477729332038383
trial_image_1.tif,28.0,0.1,2.9701901437792486
trial_image_1.tif,32.0,0.03,8.967082854221903
trial_image_1.tif,32.0,0.1,2.5545472203398547
trial_image_1.tif,36.0,0.03,7.605016222262716
trial_image_1.tif,36.0,0.1,2.1977386319817223
trial_image_1.tif,40.0,0.03,6.506460454456244
trial_image_1.tif,40.0,0.1,1.9136509036038793
trial_image_1.tif,43.99999999999999,0.03,5.7139008126283715
trial_image_1.tif,43.99999999999999,0.1,1.6983820451823854
trial_image_1.tif,48.0,0.03,5.2262262050488655
trial_image_1.tif,48.0,0.1,1.5600890637801665
trial_image_1.tif,52.00000000000001,0.03,5.029940030114345
trial_image_1.tif,52.00000000000001,0.1,1.485457433973358
trial_image_1.tif,56.0,0.03,4.978926289556631
trial_image_1.tif,56.0,0.1,1.443990435440023
trial_image_1.tif,59.99999999999999,0.03,4.984595848934847
trial_image_1.tif,59.99999999999999,0.1,1.425641580736932
trial_image_1.tif,64.0,0.03,4.998731911278272
trial_image_1.tif,64.0,0.1,1.4186228782032653
trial_image_1.tif,68.0,0.03,5.031882549058166
trial_image_1.tif,68.0,0.1,1.4362842917464422
trial_image_1.tif,72.0,0.03,5.138655727205067
trial_image_1.tif,72.0,0.1,1.480068157488007
trial_image_1.tif,76.0,0.03,5.369169912818219
trial_image_1.tif,76.0,0.1,1.5675981470397748
trial_image_1.tif,80.0,0.03,5.769686666251794
trial_image_1.tif,80.0,0.1,1.7004527627049748
trial_image_1.tif,84.0,0.03,6.387025940071866
trial_image_1.tif,84.0,0.1,1.8809537117675994
trial_image_1.tif,87.99999999999999,0.03,7.277623510787414
trial_image_1.tif,87.99999999999999,0.1,2.110538506696169
trial_image_1.tif,92.0,0.03,8.559874503136914
trial_image_1.tif,92.0,0.1,2.39495785533627
trial_image_1.tif,96.0,0.03,10.439389416460587
trial_image_1.tif,96.0,0.1,2.751025410659481
trial_image_1.tif,100.0,0.03,13.240756980511264
trial_image_1.tif,100.0,0.1,3.2126476527431276
trial_image_1.tif,104.00000000000001,0.03,17.388310080298595
trial_image_1.tif,104.00000000000001,0.1,3.8325544047165003
trial_image_1.tif,108.0,0.03,23.302975240098814
trial_image_1.tif,108.0,0.1,4.675024495819217
trial_image_1.tif,112.0,0.03,31.217626418419254
trial_image_1.tif,112.0,0.1,5.796659978646642
trial_image_1.tif,116.0,0.03,40.94130219456715
trial_image_1.tif,116.0,0.1,7.207775385469558
trial_image_1.tif,119.99999999999999,0.03,51.59738753264232
trial_image_1.tif,119.99999999999999,0.1,8.849163226732601
trial_image_1.tif,124.0,0.03,61.603131551261484
trial_image_1.tif,124.0,0.1,10.56362208111382
trial_image_1.tif,128.0,0.03,68.98749821995136
trial_image_1.tif,128.0,0.1,12.061660090899931
trial_image_1.tif,132.0,0.03,71.88439610897728
trial_image_1.tif,132.0,0.1,13.086309604220759
trial_image_1.tif,136.0,0.03,70.13379879784658
trial_image_1.tif,136.0,0.1,13.350094810621266
trial_image_1.tif,140.0,0.03,64.4246958235749
trial_image_1.tif,140.0,0.1,12.81889406139496
trial_image_1.tif,144.0,0.03,54.97500070862381
trial_image_1.tif,144.0,0.1,11.604142079968158
trial_image_1.tif,148.0,0.03,43.99667470195491
trial_image_1.tif,148.0,0.1,9.991792948617517
trial_image_1.tif,152.0,0.03,33.44909457858202
trial_image_1.tif,152.0,0.1,8.286146033401248
trial_image_1.tif,156.0,0.03,24.64994161044191
trial_image_1.tif,156.0,0.1,6.751583972805313
trial_image_1.tif,160.0,0.03,18.140761345255825
trial_image_1.tif,160.0,0.1,5.557769287260148
trial_image_1.tif,164.0,0.03,13.859178559723103
trial_image_1.tif,164.0,0.1,4.753697281276775
trial_image_1.tif,168.0,0.03,11.497684170359022
trial_image_1.tif,168.0,0.1,4.3195182742787175
trial_image_1.tif,172.00000000000003,0.03,10.628279017480597
trial_image_1.tif,172.00000000000003,0.1,4.161212920611581
trial_image_1.tif,175.99999999999997,0.03,10.82942220467039
trial_image_1.tif,175.99999999999997,0.1,4.170936252526785
trial_image_1.tif,180.0,0.03,11.674645146878749
trial_image_1.tif,180.0,0.1,4.24870347308081
trial_image_1.tif,184.0,0.03,12.73465283522089
trial_image_1.tif,184.0,0.1,4.317078673169261
trial_image_1.tif,188.0,0.03,13.62967473125192
trial_image_1.tif,188.0,0.1,4.3240730049749665
trial_image_1.tif,192.0,0.03,14.073876032248261
trial_image_1.tif,192.0,0.1,4.238824708096972
trial_image_1.tif,196.0,0.03,13.918282273758207
trial_image_1.tif,196.0,0.1,4.04714078879768
trial_image_1.tif,200.0,0.03,13.17114302481919
trial_image_1.tif,200.0,0.1,3.757054659530818
trial_image_1.tif,204.0,0.03,11.952107154547207
trial_image_1.tif,204.0,0.1,3.3797994088306273
trial_image_1.tif,208.00000000000003,0.03,10.477729332038383
trial_image_1.tif,208.00000000000003,0.1,2.9701901437792486
trial_image_1.tif,212.0,0.03,8.967082854221903
trial_image_1.tif,212.0,0.1,2.5545472203398556
trial_image_1.tif,216.0,0.03,7.60501622226272
trial_image_1.tif,216.0,0.1,2.1977386319817236
trial_image_1.tif,220.0,0.03,6.506460454456244
trial_image_1.tif,220.0,0.1,1.9136509036038793
trial_image_1.tif,224.0,0.03,5.713900812628372
trial_image_1.tif,224.0,0.1,1.698382045182386
trial_image_1.tif,228.00000000000003,0.03,5.226226205048865
trial_image_1.tif,228.00000000000003,0.1,1.5600890637801665
trial_image_1.tif,232.0,0.03,5.0299400301143455
trial_image_1.tif,232.0,0.1,1.485457433973358
trial_image_1.tif,236.00000000000003,0.03,4.978926289556631
trial_image_1.tif,236.00000000000003,0.1,1.4439904354400235
trial_image_1.tif,239.99999999999997,0.03,4.9845958489348465
trial_image_1.tif,239.99999999999997,0.1,1.4256415807369316
trial_image_1.tif,244.0,0.03,4.9987319112782735
trial_image_1.tif,244.0,0.1,1.4186228782032662
trial_image_1.tif,248.0,0.03,5.031882549058166
trial_image_1.tif,248.0,0.1,1.436284291746442
trial_image_1.tif,252.0,0.03,5.138655727205066
trial_image_1.tif,252.0,0.1,1.4800681574880068
trial_image_1.tif,256.0,0.03,5.369169912818217
trial_image_1.tif,256.0,0.1,1.5675981470397746
trial_image_1.tif,260.0,0.03,5.769686666251795
trial_image_1.tif,260.0,0.1,1.7004527627049755
trial_image_1.tif,264.0,0.03,6.387025940071864
trial_image_1.tif,264.0,0.1,1.880953711767598
trial_image_1.tif,268.00000000000006,0.03,7.2776235107874205
trial_image_1.tif,268.00000000000006,0.1,2.110538506696171
trial_image_1.tif,272.0,0.03,8.559874503136921
trial_image_1.tif,272.0,0.1,2.394957855336272
trial_image_1.tif,275.99999999999994,0.03,10.439389416460564
trial_image_1.tif,275.99999999999994,0.1,2.7510254106594774
trial_image_1.tif,280.0,0.03,13.240756980511241
trial_image_1.tif,280.0,0.1,3.212647652743123
trial_image_1.tif,284.0,0.03,17.388310080298567
trial_image_1.tif,284.0,0.1,3.832554404716496
trial_image_1.tif,288.0,0.03,23.302975240098807
trial_image_1.tif,288.0,0.1,4.675024495819217
trial_image_1.tif,292.0,0.03,31.217626418419247
trial_image_1.tif,292.0,0.1,5.796659978646641
trial_image_1.tif,296.0,0.03,40.94130219456711
trial_image_1.tif,296.0,0.1,7.207775385469553
trial_image_1.tif,300.00000000000006,0.03,51.59738753264236
trial_image_1.tif,300.00000000000006,0.1,8.849163226732603
trial_image_1.tif,304.0,0.03,61.60313155126149
trial_image_1.tif,304.0,0.1,10.563622081113822
trial_image_1.tif,308.00000000000006,0.03,68.98749821995139
trial_image_1.tif,308.00000000000006,0.1,12.061660090899942
trial_image_1.tif,312.0,0.03,71.88439610897728
trial_image_1.tif,312.0,0.1,13.086309604220759
trial_image_1.tif,316.0,0.03,70.13379879784662
trial_image_1.tif,316.0,0.1,13.350094810621272
trial_image_1.tif,320.0,0.03,64.42469582357492
trial_image_1.tif,320.0,0.1,12.818894061394966
trial_image_1.tif,324.0,0.03,54.9750007086238
trial_image_1.tif,324.0,0.1,11.604142079968154
trial_image_1.tif,328.0,0.03,43.99667470195492
trial_image_1.tif,328.0,0.1,9.991792948617523
trial_image_1.tif,332.00000000000006,0.03,33.44909457858203
trial_image_1.tif,332.00000000000006,0.1,8.286146033401247
trial_image_1.tif,336.0,0.03,24.64994161044186
trial_image_1.tif,336.0,0.1,6.751583972805301
trial_image_1.tif,340.0,0.03,18.1407613452558
trial_image_1.tif,340.0,0.1,5.557769287260141
trial_image_1.tif,344.00000000000006,0.03,13.859178559723098
trial_image_1.tif,344.00000000000006,0.1,4.753697281276775
trial_image_1.tif,348.0,0.03,11.497684170359035
trial_image_1.tif,348.0,0.1,4.319518274278719
trial_image_1.tif,351.99999999999994,0.03,10.628279017480601
trial_image_1.tif,351.99999999999994,0.1,4.161212920611582
trial_image_1.tif,356.0,0.03,10.82942220467039
trial_image_1.tif,356.0,0.1,4.170936252526785
